Techniques=qUINT_ssr - advanced,BloomingHDR,FakeHDR,MXAO,NGLighting,ReflectiveBumpMapping
TechniquesSorting=qUINT_ssr - advanced,BloomingHDR,FakeHDR,MXAO,NGLighting,ReflectiveBumpMapping

[qUINT_ssr - advanced.fx]
SSR_FIELD_OF_VIEW=50.002998
SSR_REFLECTION_INTENSITY=0.422000
SSR_FRESNEL_EXP=5.000000
SSR_FADE_DIST=2.000000
SSR_RAY_INC=1.600000
SSR_ACCEPT_RANGE=2.500000
SSR_JITTER_AMOUNT=-1.670000
SSR_FILTER_SIZE=2.304000
SSR_RELIEF_AMOUNT=0.998000
SSR_RELIEF_SCALE=0.349000

[BloomingHDR.fx]
Auto_Bloom=1.000000
CBT_Adjust=0.640000
Bloom_Intensity=0.189000,0.504000
BloomSensitivity=2.233000
BloomCurve=0.100000
Saturation=0.250000,0.250000
Bloom_Spread=0.527000
Dither_Bloom=0.000000
Tonemappers=0.000000
WP=0.999000
Exp=-0.004000
GreyValue=0.270000
Gamma=2.944000
Contrast=0.999000
Saturate=0.999000
Inv_Tonemappers=1.000000
HDR_BP=0.666000
Bloom_BA_iToneMapper=1.000000
Auto_Exposure=1.000000
Adapt_Adjust=0.500000
Adapt_Seek=0.500000
Debug_View=0.000000

[FakeHDR.fx]
HDRPower=1.300000
radius1=0.792000
radius2=0.870000

[MXAO.fx]
MXAO_GLOBAL_SAMPLE_QUALITY_PRESET=6.000000
MXAO_SAMPLE_RADIUS=20.000000
MXAO_SAMPLE_NORMAL_BIAS=0.000000
MXAO_GLOBAL_RENDER_SCALE=1.000000
MXAO_SSAO_AMOUNT=1.000000
MXAO_GAMMA=1.000000
MXAO_DEBUG_VIEW_ENABLE=0.000000
MXAO_BLEND_TYPE=0.000000
MXAO_FADE_DEPTH_START=0.050000
MXAO_FADE_DEPTH_END=0.400000

[NGLighting.fx]
GI=1.000000
UseCatrom=1.000000
SharpenGI=1.000000
fov=35.000999
BUMP=1.000000
roughness=0.999000
TemporalRefine=1.000000
RAYINC=1.360000
UI_RAYSTEPS=32.000000
RAYDEPTH=0.310000
MVErrorTolerance=0.959000
MAX_Frames=8.000000
Sthreshold=0.999000
EXP=10.000000
AO_Radius_Background=1.000000
AO_Radius_Reflection=1.000000
AO_Intensity=1.000000
depthfade=1.000000
LinearConvert=1.000000
SatExp=4.000000,3.090000
debug=0.000000
SkyDepth=0.990000

[ReflectiveBumpMapping.fx]
fRBM_BlurWidthPixels=400.000000
iRBM_SampleCount=128.000000
fRBM_ReliefHeight=0.000000
fRBM_FresnelReflectance=0.999000
fRBM_FresnelMult=0.180000
fRBM_LowerThreshold=0.099000
fRBM_UpperThreshold=0.198000
fRBM_ColorMask_Red=1.000000
fRBM_ColorMask_Orange=1.000000
fRBM_ColorMask_Yellow=1.000000
fRBM_ColorMask_Green=1.000000
fRBM_ColorMask_Cyan=1.000000
fRBM_ColorMask_Blue=1.000000
fRBM_ColorMask_Magenta=1.000000

