Techniques=MXAO,qUINT_dof,qUINT_ssr - advanced,SMAA,BloomingHDR,AmbientLight,Bloom,SurfaceBlur
TechniquesSorting=MXAO,qUINT_dof,qUINT_ssr - advanced,SMAA,BloomingHDR,AmbientLight,Bloom,SurfaceBlur

[MXAO.fx]
MXAO_GLOBAL_SAMPLE_QUALITY_PRESET=6.000000
MXAO_SAMPLE_RADIUS=20.000000
MXAO_SAMPLE_NORMAL_BIAS=0.000000
MXAO_GLOBAL_RENDER_SCALE=1.000000
MXAO_SSAO_AMOUNT=0.999000
MXAO_GAMMA=1.000000
MXAO_DEBUG_VIEW_ENABLE=0.000000
MXAO_BLEND_TYPE=3.000000
MXAO_FADE_DEPTH_START=0.999000
MXAO_FADE_DEPTH_END=0.999000

[qUINT_dof.fx]
bADOF_AutofocusEnable=1.000000
fADOF_AutofocusCenter=0.500000,0.500000
fADOF_AutofocusRadius=0.600000
fADOF_AutofocusSpeed=0.200000
fADOF_ManualfocusDepth=0.001000
fADOF_NearBlurCurve=6.000000
fADOF_FarBlurCurve=1.500000
fADOF_HyperFocus=0.100000
fADOF_RenderResolutionMult=0.500000
fADOF_ShapeRadius=20.500000
fADOF_SmootheningAmount=4.000000
fADOF_BokehIntensity=0.300000
iADOF_BokehMode=2.000000
iADOF_ShapeVertices=6.000000
iADOF_ShapeQuality=5.000000
fADOF_ShapeCurvatureAmount=1.000000
fADOF_ShapeRotation=0.000000
fADOF_ShapeAnamorphRatio=1.000000
fADOF_ShapeChromaAmount=-0.101000
iADOF_ShapeChromaMode=2.000000

[qUINT_ssr - advanced.fx]
SSR_FIELD_OF_VIEW=50.002998
SSR_REFLECTION_INTENSITY=0.269000
SSR_FRESNEL_EXP=5.000000
SSR_FADE_DIST=0.800000
SSR_RAY_INC=92.950996
SSR_ACCEPT_RANGE=2.502000
SSR_JITTER_AMOUNT=0.251000
SSR_FILTER_SIZE=0.500000
SSR_RELIEF_AMOUNT=0.210000
SSR_RELIEF_SCALE=0.349000

[SMAA.fx]
EdgeDetectionType=1.000000
EdgeDetectionThreshold=0.200000
DepthEdgeDetectionThreshold=0.100000
MaxSearchSteps=112.000000
MaxSearchStepsDiagonal=20.000000
CornerRounding=100.000000
PredicationEnabled=1.000000
PredicationThreshold=1.000000
PredicationScale=8.000000
PredicationStrength=4.000000
DebugOutput=0.000000

[BloomingHDR.fx]
Auto_Bloom=1.000000
CBT_Adjust=0.504000
Bloom_Intensity=0.100000,0.500000
BloomSensitivity=1.000000
BloomCurve=2.000000
Saturation=0.250000,0.250000
Bloom_Spread=1.000000
Dither_Bloom=0.125000
Tonemappers=0.000000
WP=1.000000
Exp=0.000000
GreyValue=0.128000
Gamma=2.200000
Contrast=1.000000
Saturate=1.000000
Inv_Tonemappers=2.000000
HDR_BP=0.500000
Bloom_BA_iToneMapper=0.000000
Auto_Exposure=1.000000
Adapt_Adjust=0.500000
Adapt_Seek=0.500000
Debug_View=0.000000

[AmbientLight.fx]
alDebug=0.000000
alInt=10.150000
alThreshold=15.000000
AL_Dither=1.000000
AL_Adaptation=1.000000
alAdapt=0.700000
alAdaptBaseMult=1.000000
alAdaptBaseBlackLvL=2.000000
AL_Dirt=1.000000
AL_DirtTex=0.000000
AL_Vibrance=0.000000
AL_Adaptive=0.000000
alDirtInt=1.000000
alDirtOVInt=1.000000
AL_Lens=0.000000
alLensThresh=0.500000
alLensInt=2.000000

[Bloom.fx]
iBloomMixmode=0.000000
fBloomThreshold=0.748000
fBloomAmount=0.801000
fBloomSaturation=0.450000
fBloomTint=0.700000,0.800000,1.000000
bLensdirtEnable=0.000000
iLensdirtMixmode=1.000000
fLensdirtIntensity=0.400000
fLensdirtSaturation=2.000000
fLensdirtTint=1.000000,1.000000,1.000000
bAnamFlareEnable=0.000000
fAnamFlareThreshold=0.900000
fAnamFlareWideness=2.400000
fAnamFlareAmount=14.500000
fAnamFlareCurve=1.200000
fAnamFlareColor=0.012000,0.313000,0.588000
bLenzEnable=1.000000
fLenzIntensity=1.000000
fLenzThreshold=0.800000
bChapFlareEnable=1.000000
fChapFlareTreshold=0.900000
iChapFlareCount=15.000000
fChapFlareDispersal=0.250000
fChapFlareSize=0.450000
fChapFlareCA=0.000000,0.010000,0.020000
fChapFlareIntensity=100.000000
bGodrayEnable=0.000000
fGodrayDecay=0.990000
fGodrayExposure=1.000000
fGodrayWeight=1.250000
fGodrayDensity=1.000000
fGodrayThreshold=0.900000
iGodraySamples=128.000000
fFlareLuminance=0.095000
fFlareBlur=200.000000
fFlareIntensity=2.070000
fFlareTint=0.137000,0.216000,1.000000

[SurfaceBlur.fx]
BlurRadius=2.000000
BlurOffset=0.999000
BlurEdge=0.504000
BlurStrength=1.000000
DebugMode=0.000000

