Techniques=qUINT_ssr - advanced,BloomingHDR,FakeHDR,NGLighting
TechniquesSorting=qUINT_ssr - advanced,BloomingHDR,FakeHDR,NGLighting

[qUINT_ssr - advanced.fx]
SSR_FIELD_OF_VIEW=15.389000
SSR_REFLECTION_INTENSITY=0.269000
SSR_FRESNEL_EXP=5.000000
SSR_FADE_DIST=2.000000
SSR_RAY_INC=1.601000
SSR_ACCEPT_RANGE=2.500000
SSR_JITTER_AMOUNT=-1.927000
SSR_FILTER_SIZE=1.152000
SSR_RELIEF_AMOUNT=0.053000
SSR_RELIEF_SCALE=0.349000

[BloomingHDR.fx]
Auto_Bloom=4.000000
CBT_Adjust=0.504000
Bloom_Intensity=0.189000,0.504000
BloomSensitivity=2.233000
BloomCurve=0.100000
Saturation=0.250000,0.250000
Bloom_Spread=0.527000
Dither_Bloom=0.000000
Tonemappers=0.000000
WP=0.999000
Exp=-0.004000
GreyValue=0.270000
Gamma=2.944000
Contrast=0.999000
Saturate=0.999000
Inv_Tonemappers=1.000000
HDR_BP=0.666000
Bloom_BA_iToneMapper=1.000000
Auto_Exposure=1.000000
Adapt_Adjust=0.500000
Adapt_Seek=0.500000
Debug_View=0.000000

[FakeHDR.fx]
HDRPower=2.106000
radius1=0.792000
radius2=0.870000

[NGLighting.fx]
GI=1.000000
UseCatrom=1.000000
SharpenGI=1.000000
fov=38.268002
BUMP=1.000000
roughness=0.999000
TemporalRefine=1.000000
RAYINC=1.360000
UI_RAYSTEPS=32.000000
RAYDEPTH=0.310000
MVErrorTolerance=0.959000
MAX_Frames=8.000000
Sthreshold=0.999000
EXP=10.000000
AO_Radius_Background=1.000000
AO_Radius_Reflection=1.000000
AO_Intensity=1.000000
depthfade=1.000000
LinearConvert=1.000000
SatExp=4.000000,3.090000
debug=0.000000
SkyDepth=0.990000

