Techniques=BloomingHDR,AmbientLight,ReflectiveBumpMapping,qUINT_mxao,qUINT_dof,Depth3D,FakeHDR,BeautifySSGI
TechniquesSorting=BloomingHDR,AmbientLight,ReflectiveBumpMapping,qUINT_mxao,qUINT_dof,Depth3D,FakeHDR,BeautifySSGI

[BloomingHDR.fx]
Auto_Bloom=4.000000
CBT_Adjust=0.504000
Bloom_Intensity=0.189000,0.504000
BloomSensitivity=2.233000
BloomCurve=0.100000
Saturation=0.250000,0.250000
Bloom_Spread=0.527000
Dither_Bloom=0.000000
Tonemappers=0.000000
WP=0.999000
Exp=-0.004000
GreyValue=0.270000
Gamma=2.944000
Contrast=0.999000
Saturate=0.999000
Inv_Tonemappers=1.000000
HDR_BP=0.666000
Bloom_BA_iToneMapper=1.000000
Auto_Exposure=1.000000
Adapt_Adjust=0.500000
Adapt_Seek=0.500000
Debug_View=0.000000

[AmbientLight.fx]
alDebug=0.000000
alInt=4.617000
alThreshold=15.000000
AL_Dither=1.000000
AL_Adaptation=1.000000
alAdapt=0.699000
alAdaptBaseMult=1.000000
alAdaptBaseBlackLvL=2.000000
AL_Dirt=1.000000
AL_DirtTex=0.000000
AL_Vibrance=0.000000
AL_Adaptive=2.000000
alDirtInt=1.000000
alDirtOVInt=1.000000
AL_Lens=0.000000
alLensThresh=0.500000
alLensInt=2.000000

[ReflectiveBumpMapping.fx]
fRBM_BlurWidthPixels=400.000000
iRBM_SampleCount=128.000000
fRBM_ReliefHeight=0.000000
fRBM_FresnelReflectance=0.369000
fRBM_FresnelMult=0.279000
fRBM_LowerThreshold=0.099000
fRBM_UpperThreshold=0.198000
fRBM_ColorMask_Red=1.000000
fRBM_ColorMask_Orange=1.000000
fRBM_ColorMask_Yellow=1.000000
fRBM_ColorMask_Green=1.000000
fRBM_ColorMask_Cyan=1.000000
fRBM_ColorMask_Blue=1.000000
fRBM_ColorMask_Magenta=1.000000

[qUINT_mxao.fx]
MXAO_GLOBAL_SAMPLE_QUALITY_PRESET=6.000000
MXAO_SAMPLE_RADIUS=2.500000
MXAO_SAMPLE_NORMAL_BIAS=0.200000
MXAO_GLOBAL_RENDER_SCALE=1.000000
MXAO_SSAO_AMOUNT=1.000000
MXAO_BLEND_TYPE=0.000000
MXAO_FADE_DEPTH_START=0.050000
MXAO_FADE_DEPTH_END=0.400000
MXAO_DEBUG_VIEW_ENABLE=0.000000

[qUINT_dof.fx]
bADOF_AutofocusEnable=1.000000
fADOF_AutofocusCenter=0.500000,0.500000
fADOF_AutofocusRadius=1.000000
fADOF_AutofocusSpeed=0.050000
fADOF_ManualfocusDepth=0.001000
fADOF_NearBlurCurve=6.000000
fADOF_FarBlurCurve=1.500000
fADOF_HyperFocus=0.100000
fADOF_RenderResolutionMult=1.000000
fADOF_ShapeRadius=20.500000
fADOF_SmootheningAmount=4.000000
fADOF_BokehIntensity=0.300000
iADOF_BokehMode=2.000000
iADOF_ShapeVertices=6.000000
iADOF_ShapeQuality=5.000000
fADOF_ShapeCurvatureAmount=1.000000
fADOF_ShapeRotation=0.000000
fADOF_ShapeAnamorphRatio=1.000000
fADOF_ShapeChromaAmount=-0.101000
iADOF_ShapeChromaMode=2.000000

[Depth3D.fx]
Divergence=48.500000
ZPD=0.100000
Auto_Depth_Range=0.621000
Depth_Map=0.000000
Depth_Map_Adjust=7.500000
Offset=0.000000
Depth_Map_View=0.000000
Depth_Map_Flip=0.000000
WP=0.000000
Weapon_Scale=0.000000
Weapon_Adjust=0.000000,0.000000
Weapon_Depth_Adjust=0.000000
Stereoscopic_Mode=0.000000
Anaglyph_Desaturation=1.000000
Perspective=0.000000
Eye_Swap=0.000000
Side_Bars=1.000000
Cursor_STT=0.125000,0.500000,0.750000
Cursor_Color=1.000000,1.000000,1.000000
SCSC=0.000000

[FakeHDR.fx]
HDRPower=1.740000
radius1=0.792000
radius2=0.870000

[BeautifySSGI.fx]
RT_SAMPLE_RADIUS=19.903999
RT_QUALITY_PRESET=1.000000
RT_AO_AMOUNT=9.999000
RT_IL_AMOUNT=2.222000
RT_FADE_DEPTH=1.000000
g_sldDepthInvertZ=1.000000
g_sldDepthInvertY=0.000000

