Techniques=ReflectiveBumpMapping,BloomingHDR,AmbientLight,qUINT_dof,qUINT_ssr - advanced
TechniquesSorting=ReflectiveBumpMapping,BloomingHDR,AmbientLight,qUINT_dof,qUINT_ssr - advanced

[ReflectiveBumpMapping.fx]
fRBM_BlurWidthPixels=400.000000
iRBM_SampleCount=128.000000
fRBM_ReliefHeight=0.000000
fRBM_FresnelReflectance=0.441000
fRBM_FresnelMult=0.234000
fRBM_LowerThreshold=0.099000
fRBM_UpperThreshold=0.198000
fRBM_ColorMask_Red=1.000000
fRBM_ColorMask_Orange=1.000000
fRBM_ColorMask_Yellow=1.000000
fRBM_ColorMask_Green=1.000000
fRBM_ColorMask_Cyan=1.000000
fRBM_ColorMask_Blue=1.000000
fRBM_ColorMask_Magenta=1.000000

[BloomingHDR.fx]
Auto_Bloom=4.000000
CBT_Adjust=0.450000
Bloom_Intensity=0.099000,0.504000
BloomSensitivity=2.296000
BloomCurve=0.289000
Saturation=0.250000,0.250000
Bloom_Spread=0.527000
Dither_Bloom=0.000000
Tonemappers=1.000000
WP=0.999000
Exp=-0.004000
GreyValue=0.270000
Gamma=2.540000
Contrast=0.999000
Saturate=1.970000
Inv_Tonemappers=3.000000
HDR_BP=1.000000
Bloom_BA_iToneMapper=0.000000
Auto_Exposure=1.000000
Adapt_Adjust=0.500000
Adapt_Seek=0.500000
Debug_View=0.000000

[AmbientLight.fx]
alDebug=0.000000
alInt=4.617000
alThreshold=15.000000
AL_Dither=1.000000
AL_Adaptation=1.000000
alAdapt=0.699000
alAdaptBaseMult=1.000000
alAdaptBaseBlackLvL=2.000000
AL_Dirt=1.000000
AL_DirtTex=0.000000
AL_Vibrance=0.000000
AL_Adaptive=2.000000
alDirtInt=1.000000
alDirtOVInt=1.000000
AL_Lens=0.000000
alLensThresh=0.500000
alLensInt=2.000000

[qUINT_dof.fx]
bADOF_AutofocusEnable=1.000000
fADOF_AutofocusCenter=0.500000,0.500000
fADOF_AutofocusRadius=1.000000
fADOF_AutofocusSpeed=0.176000
fADOF_ManualfocusDepth=0.001000
fADOF_NearBlurCurve=6.000000
fADOF_FarBlurCurve=1.500000
fADOF_HyperFocus=0.100000
fADOF_RenderResolutionMult=1.000000
fADOF_ShapeRadius=20.500000
fADOF_SmootheningAmount=4.000000
fADOF_BokehIntensity=0.300000
iADOF_BokehMode=2.000000
iADOF_ShapeVertices=6.000000
iADOF_ShapeQuality=5.000000
fADOF_ShapeCurvatureAmount=1.000000
fADOF_ShapeRotation=0.000000
fADOF_ShapeAnamorphRatio=1.000000
fADOF_ShapeChromaAmount=-0.101000
iADOF_ShapeChromaMode=2.000000

[qUINT_ssr - advanced.fx]
SSR_FIELD_OF_VIEW=50.000000
SSR_REFLECTION_INTENSITY=0.350000
SSR_FRESNEL_EXP=20.000000
SSR_FADE_DIST=2.000000
SSR_RAY_INC=13.970000
SSR_ACCEPT_RANGE=999.999023
SSR_JITTER_AMOUNT=-1.927000
SSR_FILTER_SIZE=1.280000
SSR_RELIEF_AMOUNT=0.410000
SSR_RELIEF_SCALE=0.349000

