Techniques=AmbientLight,Depth3D,BloomingHDR,NGLighting,ReflectiveBumpMapping,qUINT_ssr
TechniquesSorting=AmbientLight,Depth3D,BloomingHDR,NGLighting,ReflectiveBumpMapping,qUINT_ssr

[AmbientLight.fx]
alDebug=0.000000
alInt=4.617000
alThreshold=15.000000
AL_Dither=1.000000
AL_Adaptation=1.000000
alAdapt=0.699000
alAdaptBaseMult=1.000000
alAdaptBaseBlackLvL=2.000000
AL_Dirt=1.000000
AL_DirtTex=0.000000
AL_Vibrance=0.000000
AL_Adaptive=2.000000
alDirtInt=1.000000
alDirtOVInt=1.000000
AL_Lens=0.000000
alLensThresh=0.500000
alLensInt=2.000000

[Depth3D.fx]
Divergence=48.500000
ZPD=0.100000
Auto_Depth_Range=0.621000
Depth_Map=0.000000
Depth_Map_Adjust=7.500000
Offset=0.000000
Depth_Map_View=0.000000
Depth_Map_Flip=0.000000
WP=0.000000
Weapon_Scale=0.000000
Weapon_Adjust=0.000000,0.000000
Weapon_Depth_Adjust=0.000000
Stereoscopic_Mode=0.000000
Anaglyph_Desaturation=1.000000
Perspective=0.000000
Eye_Swap=0.000000
Side_Bars=1.000000
Cursor_STT=0.125000,0.500000,0.750000
Cursor_Color=1.000000,1.000000,1.000000
SCSC=0.000000

[BloomingHDR.fx]
Auto_Bloom=4.000000
CBT_Adjust=0.504000
Bloom_Intensity=0.189000,0.504000
BloomSensitivity=2.233000
BloomCurve=0.100000
Saturation=0.250000,0.250000
Bloom_Spread=0.527000
Dither_Bloom=0.000000
Tonemappers=0.000000
WP=0.999000
Exp=-0.004000
GreyValue=0.270000
Gamma=2.944000
Contrast=0.999000
Saturate=0.999000
Inv_Tonemappers=1.000000
HDR_BP=0.666000
Bloom_BA_iToneMapper=1.000000
Auto_Exposure=1.000000
Adapt_Adjust=0.500000
Adapt_Seek=0.500000
Debug_View=0.000000

[NGLighting.fx]
GI=1.000000
UseCatrom=1.000000
SharpenGI=1.000000
fov=30.420000
BUMP=1.000000
roughness=0.999000
TemporalRefine=1.000000
RAYINC=1.360000
UI_RAYSTEPS=32.000000
RAYDEPTH=0.310000
MVErrorTolerance=0.959000
MAX_Frames=8.000000
Sthreshold=1.000000
EXP=10.000000
AO_Radius_Background=1.000000
AO_Radius_Reflection=1.000000
AO_Intensity=1.000000
depthfade=1.000000
LinearConvert=1.000000
SatExp=4.000000,3.090000
debug=0.000000
SkyDepth=0.990000

[ReflectiveBumpMapping.fx]
fRBM_BlurWidthPixels=400.000000
iRBM_SampleCount=128.000000
fRBM_ReliefHeight=0.000000
fRBM_FresnelReflectance=0.297000
fRBM_FresnelMult=0.279000
fRBM_LowerThreshold=0.099000
fRBM_UpperThreshold=0.198000
fRBM_ColorMask_Red=1.000000
fRBM_ColorMask_Orange=1.000000
fRBM_ColorMask_Yellow=1.000000
fRBM_ColorMask_Green=1.000000
fRBM_ColorMask_Cyan=1.000000
fRBM_ColorMask_Blue=1.000000
fRBM_ColorMask_Magenta=1.000000

[qUINT_ssr.fx]
SSR_FIELD_OF_VIEW=24.363001
SSR_REFLECTION_INTENSITY=0.342000
SSR_FRESNEL_EXP=5.000000
SSR_FADE_DIST=0.800000
SSR_RAY_INC=1.603000
SSR_ACCEPT_RANGE=2.500000
SSR_JITTER_AMOUNT=0.999000
SSR_FILTER_SIZE=1.152000
SSR_RELIEF_AMOUNT=0.171000
SSR_RELIEF_SCALE=0.350000

