Techniques=ReflectiveBumpMapping,qUINT_ssr - advanced,qUINT_dof,BloomingHDR
TechniquesSorting=ReflectiveBumpMapping,qUINT_ssr - advanced,qUINT_dof,BloomingHDR

[ReflectiveBumpMapping.fx]
fRBM_BlurWidthPixels=400.000000
iRBM_SampleCount=128.000000
fRBM_ReliefHeight=0.000000
fRBM_FresnelReflectance=0.999000
fRBM_FresnelMult=0.180000
fRBM_LowerThreshold=0.100000
fRBM_UpperThreshold=0.200000
fRBM_ColorMask_Red=1.000000
fRBM_ColorMask_Orange=1.000000
fRBM_ColorMask_Yellow=1.000000
fRBM_ColorMask_Green=1.000000
fRBM_ColorMask_Cyan=1.000000
fRBM_ColorMask_Blue=1.000000
fRBM_ColorMask_Magenta=1.000000

[qUINT_ssr - advanced.fx]
SSR_FIELD_OF_VIEW=50.000000
SSR_REFLECTION_INTENSITY=0.580000
SSR_FRESNEL_EXP=5.000000
SSR_FADE_DIST=0.350000
SSR_RAY_INC=1.600000
SSR_ACCEPT_RANGE=2.500000
SSR_JITTER_AMOUNT=6.150000
SSR_FILTER_SIZE=1.150000
SSR_RELIEF_AMOUNT=1.000000
SSR_RELIEF_SCALE=0.349000

[qUINT_dof.fx]
bADOF_AutofocusEnable=1.000000
fADOF_AutofocusCenter=0.500000,0.500000
fADOF_AutofocusRadius=1.000000
fADOF_AutofocusSpeed=0.581000
fADOF_ManualfocusDepth=0.001000
fADOF_NearBlurCurve=6.000000
fADOF_FarBlurCurve=1.500000
fADOF_HyperFocus=0.100000
fADOF_RenderResolutionMult=1.000000
fADOF_ShapeRadius=20.500000
fADOF_SmootheningAmount=4.000000
fADOF_BokehIntensity=0.300000
iADOF_BokehMode=2.000000
iADOF_ShapeVertices=6.000000
iADOF_ShapeQuality=5.000000
fADOF_ShapeCurvatureAmount=1.000000
fADOF_ShapeRotation=0.000000
fADOF_ShapeAnamorphRatio=1.000000
fADOF_ShapeChromaAmount=-0.101000
iADOF_ShapeChromaMode=2.000000

[BloomingHDR.fx]
Auto_Bloom=1.000000
CBT_Adjust=0.200000
Bloom_Intensity=0.100000,0.500000
BloomSensitivity=1.000000
BloomCurve=2.000000
Saturation=0.250000,0.250000
Bloom_Spread=1.000000
Dither_Bloom=0.125000
Tonemappers=0.000000
WP=1.000000
Exp=0.000000
GreyValue=0.128000
Gamma=2.200000
Contrast=1.000000
Saturate=1.000000
Inv_Tonemappers=2.000000
HDR_BP=0.500000
Bloom_BA_iToneMapper=0.000000
Auto_Exposure=1.000000
Adapt_Adjust=0.500000
Adapt_Seek=0.500000
Debug_View=0.000000

